Matrix A:
3.90799e-14 0.041631 0.364602 0.487217 0.831292 0.767051 
0.041631 0.000985395 0.0913306 0.52675 0.931731 0.0189148 
0.364602 0.0913306 0.176643 0.454433 0.56806 0.25236 
0.487217 0.52675 0.454433 0.0922976 0.556094 0.298197 
0.831292 0.931731 0.56806 0.556094 0.233178 0.875981 
0.767051 0.0189148 0.25236 0.298197 0.875981 0.0508319 

Number of sweeps: 6.

Eigenvalues after procedure:
-1.24081 -0.780972 -0.370305 0.0109114 0.320653 2.61446 

Matrix V after procedure:
-0.266866 0.717578 -0.249276 -0.0923922 -0.409067 0.41935 
-0.556786 0.050362 0.17789 -0.250247 0.708736 0.301461 
-0.16721 -0.0404996 0.413715 0.831679 -0.0745116 0.319371 
0.155113 -0.238098 -0.784854 0.290776 0.278709 0.375532 
0.68886 0.0773772 0.342572 -0.238164 0.120963 0.575131 
-0.303687 -0.646705 0.0412988 -0.30964 -0.482177 0.399336 

Matrix product V^TAV:
-1.24081 -4.99817e-17 -1.81332e-16 -2.72094e-16 -2.86744e-16 1.98558e-16 
2.76743e-17 -0.780972 -3.13605e-17 -4.26634e-17 -5.44947e-17 -3.20246e-17 
-1.73879e-16 -9.14702e-17 -0.370305 -1.2319e-16 -3.73389e-17 -6.76534e-17 
-2.7074e-16 -1.04793e-16 -1.29947e-16 0.0109114 4.42256e-17 -9.55051e-17 
-2.46917e-16 -5.37222e-17 8.87521e-18 4.10438e-17 0.320653 -1.71609e-17 
2.67744e-16 4.23381e-17 6.69359e-17 -1.4344e-16 -3.12792e-17 2.61446 

