Matrix A:
16.8038 7.88766 15.662 15.9688 
18.2329 3.95103 6.70446 15.3646 
5.55549 11.0794 9.54794 12.5774 
7.29569 10.268 19.0446 18.3239 

Matrix Q after QR procedure:
0.635623 -0.0264219 0.276352 -0.720357 
0.689684 -0.418646 -0.300807 0.508514 
0.210144 0.708303 -0.66697 -0.0964256 
0.275969 0.567754 0.623134 0.461736 

Matrix R after QR procedure:
26.4367 12.9005 21.8412 28.4467 
0 11.8148 14.3549 12.4578 
0 0 7.81062 2.82072 
0 0 0 3.5579 

Matrix product Q^T Q:
1 9.9462e-17 7.30617e-17 3.47216e-17 
9.9462e-17 1 -2.28089e-16 4.09015e-17 
7.30617e-17 -2.28089e-16 1 -9.91774e-17 
3.47216e-17 4.09015e-17 -9.91774e-17 1 

Matrix product QR:
16.8038 7.88766 15.662 15.9688 
18.2329 3.95103 6.70446 15.3646 
5.55549 11.0794 9.54794 12.5774 
7.29569 10.268 19.0446 18.3239 

Test for constructed b, x=(1,2,3):
Solution found by routine: (1,2,3).

Calculating inverse of A.
Matrix B:
0.113508 -0.0158477 0.0115497 -0.0935586 
0.0794236 -0.0766332 0.180387 -0.128775 
0.1085 -0.0901286 -0.0756051 0.0329125 
-0.202467 0.142926 -0.0271019 0.129778 

Matrix product AB:
1 5.63785e-17 -1.93205e-16 -5.96311e-17 
4.2891e-16 1 1.39699e-16 -2.56414e-16 
7.6111e-17 2.11853e-16 1 8.47846e-17 
4.22839e-16 3.00975e-16 -4.68375e-17 1 

