Matrix A:
16.8038 7.88766 15.662 
15.9688 18.2329 3.95103 
6.70446 15.3646 5.55549 
11.0794 9.54794 12.5774 

Matrix Q after QR procedure:
0.632834 -0.57817 0.155514 
0.601389 0.314397 -0.712274 
0.252492 0.752253 0.439169 
0.417253 -0.0314599 0.524987 

Matrix R after QR procedure:
26.5532 23.82 18.9382 
0 12.4297 -4.02965 
0 0 8.66424 

Matrix product Q^T Q:
1 1.90942e-16 3.09621e-16 
1.90942e-16 1 9.99736e-17 
3.09621e-16 9.99736e-17 1 

Matrix product QR:
16.8038 7.88766 15.662 
15.9688 18.2329 3.95103 
6.70446 15.3646 5.55549 
11.0794 9.54794 12.5774 

Test for x=(1,2,3):
Solution found by routine: (1,2,3).
